16939
39808
29362
11055
8198
28578
38244
22202
56367
57618
14915
36641
37309
45196
61778
49812
12258
4488
3359
22444
22727
30019
37978
53052
50707
44092
18506
20758
13756
39005
16443
1021
982
30421
7251
22597
55814
4143
5695
7230
53416
33626
44084
10108
8614
36239
27886
10370
5831
4492
41457
3569
13829
42116
33498
10973
13248
17152
131
33776
54619
15257
33983
15022
29777
21931
41436
17305
5024
15996
14415
5579
9278
7374
7949
52339
60163
39200
41055
59267
36785
48243
55251
65118
56158
20635
6745
63498
37179
16376
28186
50845
43303
10082
51237
59716
60569
32842
20802
45059
1489
39590
38121
8195
50121
62161
58411
34173
35997
12017
50769
64288
59675
26160
24655
7297
2127
62035
55111
33805
44613
26203
55168
51997
26441
53927
19522
22216
5543
64938
40202
950
7419
59084
19615
39245
63553
52442
60999
3749
61617
4579
3999
64742
51226
60
59879
57412
25382
30691
38661
60932
5119
31854
50312
38951
58729
4877
50290
18808
55017
47460
45141
19589
5376
23071
37356
10296
60030
9898
7360
25357
4684
20309
6461
38158
43351
40977
51870
57010
53151
32893
8465
18889
60194
28217
45105
47146
59533
30914
6653
58350
2496
35499
53226
36131
10842
58617
53468
23266
35817
25467
62439
45169
30622
13178
40740
58395
26372
9876
46978
60344
6777
51427
36143
56276
34618
45363
26480
4431
59882
64338
44422
47937
29172
39989
2112
54117
57398
58857
62388
40788
25665
33328
16967
13224
57693
52903
60474
25984
17376
34954
2358
17637
31253
18678
1683
60952
5860
26876
38135
59003
20681
30579
38257
42534
31538
46388
43145
38793
56207
53191
17569
5348
50251
53903
13038
32295
44825
35753
34620
52030
64292
14349
3452
17713
25614
33356
27658
48618
63743
52488
64005
33108
41305
32218
22862
50451
15235
58180
2745
58478
21318
16584
27742
46750
56723
11113
19643
42115
30869
22292
40106
21127
21897
12025
58815
8634
14291
32701
19751
737
14062
20308
54314
1341
8331
62223
43591
17248
15051
1375
10387
51425
38205
2702
3551
24220
16161
8659
56996
54768
23593
55190
42414
4451
49979
6753
29340
12168
15937
1528
50283
36534
41937
1049
61459
60254
27886
59
39043
20842
32574
47053
32179
37335
8308
43835
32507
8817
14136
49494
22784
56519
33298
14153
52234
48461
31444
9984
52334
12878
32316
29974
44654
34348
8378
51837
59734
42914
35975
54525
50583
55221
24282
8472
46741
19892
54299
46977
7703
34950
39436
17695
5077
2055
21713
65029
35581
27352
40280
61099
51414
13359
58956
56105
48651
45803
34285
46658
5946
63162
61356
47676
5097
25358
38375
8190
44194
6279
46006
46518
50383
5756
28028
21046
542
64982
61064
31923
3379
50772
57134
1733
3399
26237
19252
47056
60809
28262
45333
14973
42626
21792
59612
62967
21282
51628
8810
23138
12089
45397
49198
59880
55199
47249
63951
12969
53783
63233
15180
18845
51112
17768
13848
44973
11919
35707
48012
61641
52423
42429
14467
38214
24629
7962
6558
22
27024
2386
25762
44349
6585
55378
26099
37610
29328
33278
49005
37316
64135
58245
20616
19905
53657
53692
3121
9523
23905
26913
43103
30594
11360
30365
17250
64617
40299
55736
21587
34882
31381
56946
1155
32146
13962
63017
15
6247
13023
18012
53654
14657
13576
63496
31055
58147
31081
27797
30691
4107
8157
50396
25280
8107
42462
58659
1784
2841
59412
9433
29465
52401
35345
37968
7213
27232
28457
35898
61508
43514
7594
35847
5665
20344
58707
9315
30651
33824
38540
19324
63717
38970
38941
26705
28262
9929
32987
10944
26841
61601
51397
54828
41884
49656
7368
36385
10090
57234
51505
60897
52261
53049
9109
22396
59953
38548
60810
62236
31558
35774
6260
60893
14897
39055
55232
44833
10566
60616
30003
7703
17960
57368
16767
48437
43002
35811
21970
2351
14372
2548
45156
49841
7985
26824
49529
20413
44018
11460
28546
20977
19491
34558
21111
43944
22785
29453
49264
7590
18478
23949
51752
13283
57288
16657
30075
36937
35986
51009
4351
38908
61409
44065
3510
53693
16875
41583
15886
48052
43347
19820
64266
50003
11160
38707
33978
15608
12486
1638
61806
32952
43102
35717
21133
39125
60322
8526
65011
33429
21225
9399
31301
54880
48703
21626
43865
38358
50678
22056
1168
55445
62399
37720
43322
30955
59739
25931
8734
47789
11302
17508
16923
5746
63010
64316
50677
58491
51922
26482
27631
798
4473
54420
41512
54960
58474
29714
26051
6861
63277
24629
40046
2365
39127
15342
42169
55066
44518
9769
21286
38935
6899
59745
18822
16366
43116
8171
63189
58651
25836
18098
30473
9413
2197
17315
36646
51165
48535
54950
43449
41910
61887
25644
48625
24216
49197
60256
40713
57727
63960
12276
13796
5522
36133
54457
29424
15370
53612
35086
26037
1181
10286
29577
22844
12100
11325
43259
19486
21654
52353
64395
48989
39467
52551
33550
1002
63744
11773
29149
45777
4211
23113
41063
23263
44073
13014
33336
8027
27436
17456
16623
45399
50792
44736
39271
55212
55607
41722
58578
29628
15211
3550
53154
25139
18061
23784
33369
47702
49824
43750
4548
13093
3987
21032
37928
65284
62008
49466
9358
21520
39935
36664
56386
25568
56900
35050
37222
30834
43800
47542
12368
47332
40942
4063
18504
9772
53572
1127
58390
18956
728
53416
50902
59347
58681
63635
28437
33415
30994
56475
57540
30252
57658
19472
47788
40195
24639
44111
55804
25955
2884
52377
7773
60443
38105
20134
24394
10676
3333
8769
28656
49511
19099
48090
3689
13994
772
52274
46488
40150
9115
34640
43687
37674
28768
17393
63583
6445
35212
2088
53160
31706
29437
42209
28026
65005
24359
21951
61400
38069
35345
36556
44353
63983
14805
8868
45205
47559
48985
15248
63225
52603
30196
38331
16963
46698
2432
59730
37030
5549
41573
48765
9900
2440
19563
52158
10893
32351
62016
9884
62577
25769
29302
45129
52777
56068
40392
20604
2670
49884
47076
25207
18609
35341
24082
42815
53836
52157
26619
42631
12663
37339
30961
33376
9656
46644
63902
21032
42164
6483
9494
25619
42462
1438
44887
41990
35739
14724
26741
34526
22831
19324
40218
31814
53947
43284
62825
9276
44952
36594
15426
33114
16393
27978
62753
39718
8608
6799
33937
36287
45594
36851
8261
49869
64284
14401
55079
64625
29299
54397
248
